ADrone
Totals:
22.98;441;77.02;1478;21.85;182;78.15;651;23.85;259;76.15;827
Easy:
26.77;348;73.23;952;25.41;138;74.59;405;27.74;210;72.26;547
Single dark:
12.64;57;87.36;394;13.79;24;86.21;150;11.91;33;88.09;244
Easy null:
22.78;36;77.22;122;17.54;20;82.46;94;36.36;16;63.64;28
Double dark:
0.0;0;100.0;10;0.0;0;100.0;2;0.0;0;100.0;8
asaelr
Totals:
21.49;1241;78.51;4535;22.3;283;77.7;986;21.26;958;78.74;3549
Easy:
26.42;994;73.58;2768;26.18;222;73.82;626;26.49;772;73.51;2142
Single dark:
11.98;215;88.02;1579;14.78;55;85.22;317;11.25;160;88.75;1262
Easy null:
21.74;30;78.26;108;20.0;5;80.0;20;22.12;25;77.88;88
Double dark:
2.44;2;97.56;80;4.17;1;95.83;23;1.72;1;98.28;57
DMoney
Totals:
13.87;359;86.13;2230;16.75;64;83.25;318;13.37;295;86.63;1912
Easy:
18.66;272;81.34;1186;22.45;55;77.55;190;17.89;217;82.11;996
Single dark:
7.88;79;92.12;923;8.33;9;91.67;99;7.83;70;92.17;824
Easy null:
8.82;6;91.18;62;0.0;0;100.0;24;13.64;6;86.36;38
Double dark:
3.28;2;96.72;59;0.0;0;100.0;5;3.57;2;96.43;54
Dr_Kakashi
Totals:
13.62;1320;86.38;8369;10.85;473;89.15;3887;15.89;847;84.11;4482
Easy:
18.85;1017;81.15;4378;17.86;352;82.14;1619;19.42;665;80.58;2759
Single dark:
9.33;202;90.67;1963;7.08;50;92.92;656;10.42;152;89.58;1307
Easy null:
10.59;50;89.41;422;9.54;27;90.46;256;12.17;23;87.83;166
Double dark:
3.08;51;96.92;1606;3.14;44;96.86;1356;2.72;7;97.28;250
Fireheart
Totals:
15.6;1426;84.4;7714;14.12;724;85.88;4404;17.5;702;82.5;3310
Easy:
22.71;974;77.29;3315;22.54;447;77.46;1536;22.85;527;77.15;1779
Single dark:
10.6;338;89.4;2850;10.74;199;89.26;1654;10.41;139;89.59;1196
Easy null:
15.09;88;84.91;495;17.75;52;82.25;241;12.41;36;87.59;254
Double dark:
2.41;26;97.59;1054;2.6;26;97.4;973;0.0;0;100.0;81
Floriman
Totals:
20.18;784;79.82;3101;21.05;60;78.95;225;20.11;724;79.89;2876
Easy:
25.5;620;74.5;1811;28.57;48;71.43;120;25.28;572;74.72;1691
Single dark:
10.89;133;89.11;1088;12.35;10;87.65;71;10.79;123;89.21;1017
Easy null:
20.31;26;79.69;102;5.88;2;94.12;32;25.53;24;74.47;70
Double dark:
4.76;5;95.24;100;0.0;0;100.0;2;4.85;5;95.15;98
florrat2
Totals:
5.45;1116;94.55;19377;5.09;379;94.91;7073;5.65;737;94.35;12304
Easy:
7.67;948;92.33;11415;6.45;334;93.55;4846;8.55;614;91.45;6569
Single dark:
2.05;161;97.95;7681;1.95;44;98.05;2216;2.1;117;97.9;5465
Easy null:
9.09;3;90.91;30;0.0;0;100.0;1;9.38;3;90.62;29
Double dark:
1.57;4;98.43;251;9.09;1;90.91;10;1.23;3;98.77;241
IAMJEFF
Totals:
14.32;1063;85.68;6358;12.81;531;87.19;3614;16.24;532;83.76;2744
Easy:
20.3;739;79.7;2901;20.91;349;79.09;1320;19.79;390;80.21;1581
Single dark:
9.35;218;90.65;2113;8.15;110;91.85;1240;11.01;108;88.99;873
Easy null:
15.18;85;84.82;475;16.67;51;83.33;255;13.39;34;86.61;220
Double dark:
2.36;21;97.64;869;2.56;21;97.44;799;0.0;0;100.0;70
Jake_Stiles
Totals:
15.62;639;84.38;3452;14.7;372;85.3;2159;17.12;267;82.88;1293
Easy:
20.61;547;79.39;2107;19.84;319;80.16;1289;21.8;228;78.2;818
Single dark:
6.45;85;93.55;1233;5.7;49;94.3;811;7.86;36;92.14;422
Easy null:
7.14;7;92.86;91;7.41;4;92.59;50;6.82;3;93.18;41
Double dark:
0.0;0;100.0;21;0.0;0;100.0;9;0.0;0;100.0;12
kimbifille
Totals:
14.85;965;85.15;5534;11.74;385;88.26;2895;18.02;580;81.98;2639
Easy:
24.13;688;75.87;2163;23.24;268;76.76;885;24.73;420;75.27;1278
Single dark:
9.91;172;90.09;1563;8.49;62;91.51;668;10.95;110;89.05;895
Easy null:
17.88;49;82.12;225;9.84;12;90.16;110;24.34;37;75.66;115
Double dark:
3.42;56;96.58;1583;3.37;43;96.63;1232;3.57;13;96.43;351
Kyle
Totals:
16.89;1175;83.11;5780;16.54;212;83.46;1070;16.98;963;83.02;4710
Easy:
22.05;955;77.95;3376;23.92;166;76.08;528;21.69;789;78.31;2848
Single dark:
8.11;180;91.89;2040;7.39;32;92.61;401;8.28;148;91.72;1639
Easy null:
12.62;40;87.38;277;10.37;14;89.63;121;14.29;26;85.71;156
Double dark:
0.0;0;100.0;87;0.0;0;100.0;20;0.0;0;100.0;67
Lanvin
Totals:
15.1;717;84.9;4030;19.01;154;80.99;656;14.3;563;85.7;3374
Easy:
19.26;563;80.74;2360;27.32;115;72.68;306;17.91;448;82.09;2054
Single dark:
8.1;136;91.9;1542;9.21;34;90.79;335;7.79;102;92.21;1207
Easy null:
13.79;16;86.21;100;26.67;4;73.33;11;11.88;12;88.12;89
Double dark:
6.67;2;93.33;28;20.0;1;80.0;4;4.0;1;96.0;24
Lel0uch
Totals:
15.68;963;84.32;5177;12.31;292;87.69;2080;17.81;671;82.19;3097
Easy:
23.1;646;76.9;2151;22.85;149;77.15;503;23.17;497;76.83;1648
Single dark:
9.62;287;90.38;2695;8.9;133;91.1;1361;10.35;154;89.65;1334
Easy null:
21.74;20;78.26;72;12.5;1;87.5;7;22.62;19;77.38;65
Double dark:
3.72;10;96.28;259;4.13;9;95.87;209;1.96;1;98.04;50
Libster
Totals:
6.02;1297;93.98;20265;4.53;341;95.47;7186;6.81;956;93.19;13079
Easy:
8.23;1090;91.77;12151;5.47;285;94.53;4925;10.02;805;89.98;7226
Single dark:
2.42;192;97.58;7733;2.39;54;97.61;2210;2.44;138;97.56;5523
Easy null:
22.45;11;77.55;38;12.5;1;87.5;7;24.39;10;75.61;31
Double dark:
1.15;4;98.85;343;2.22;1;97.78;44;0.99;3;99.01;299
Livia
Totals:
16.62;572;83.38;2869;15.54;250;84.46;1359;17.58;322;82.42;1510
Easy:
22.09;437;77.91;1541;20.97;182;79.03;686;22.97;255;77.03;855
Single dark:
9.72;110;90.28;1022;9.64;54;90.36;506;9.79;56;90.21;516
Easy null:
9.56;24;90.44;227;9.77;13;90.23;120;9.32;11;90.68;107
Double dark:
1.25;1;98.75;79;2.08;1;97.92;47;0.0;0;100.0;32
melwen
Totals:
16.75;1144;83.25;5686;16.08;114;83.92;595;16.83;1030;83.17;5091
Easy:
20.69;866;79.31;3320;17.94;103;82.06;471;21.12;763;78.88;2849
Single dark:
9.99;239;90.01;2154;8.4;11;91.6;120;10.08;228;89.92;2034
Easy null:
22.44;35;77.56;121;0.0;0;100.0;4;23.03;35;76.97;117
Double dark:
4.21;4;95.79;91;0;0;0;0;4.21;4;95.79;91
micerang
Totals:
23.37;999;76.63;3276;29.42;143;70.58;343;22.59;856;77.41;2933
Easy:
28.26;848;71.74;2153;35.89;117;64.11;209;27.33;731;72.67;1944
Single dark:
12.17;132;87.83;953;16.67;19;83.33;95;11.64;113;88.36;858
Easy null:
13.57;19;86.43;121;17.07;7;82.93;34;12.12;12;87.88;87
Double dark:
0.0;0;100.0;49;0.0;0;100.0;5;0.0;0;100.0;44
Nitrate2
Totals:
21.1;426;78.9;1593;28.44;62;71.56;156;20.21;364;79.79;1437
Easy:
25.11;351;74.89;1047;33.9;40;66.1;78;24.3;311;75.7;969
Single dark:
11.15;63;88.85;502;21.18;18;78.82;67;9.38;45;90.62;435
Easy null:
24.0;12;76.0;38;26.67;4;73.33;11;22.86;8;77.14;27
Double dark:
0.0;0;100.0;6;0;0;0;0;0.0;0;100.0;6
NoMercy
Totals:
10.17;385;89.83;3400;5.85;12;94.15;193;10.42;373;89.58;3207
Easy:
14.4;337;85.6;2003;9.43;10;90.57;96;14.64;327;85.36;1907
Single dark:
3.25;40;96.75;1189;1.85;1;98.15;53;3.32;39;96.68;1136
Easy null:
14.29;4;85.71;24;0.0;0;100.0;1;14.81;4;85.19;23
Double dark:
2.13;4;97.87;184;2.27;1;97.73;43;2.08;3;97.92;141
pianoblook
Totals:
19.57;791;80.43;3250;22.43;194;77.57;671;18.8;597;81.2;2579
Easy:
24.22;584;75.78;1827;26.39;147;73.61;410;23.57;437;76.43;1417
Single dark:
11.92;138;88.08;1020;15.12;26;84.88;146;11.36;112;88.64;874
Easy null:
22.48;58;77.52;200;17.65;21;82.35;98;26.62;37;73.38;102
Double dark:
5.14;11;94.86;203;0.0;0;100.0;17;5.58;11;94.42;186
piper
Totals:
24.62;615;75.38;1883;26.18;200;73.82;564;23.93;415;76.07;1319
Easy:
29.7;455;70.3;1077;30.86;158;69.14;354;29.12;297;70.88;723
Single dark:
15.95;100;84.05;527;15.65;23;84.35;124;16.04;77;83.96;403
Easy null:
29.14;51;70.86;124;20.65;19;79.35;73;38.55;32;61.45;51
Double dark:
5.49;9;94.51;155;0.0;0;100.0;13;5.96;9;94.04;142
RaKXeR
Totals:
7.54;541;92.46;6633;5.61;80;94.39;1346;8.02;461;91.98;5287
Easy:
9.68;482;90.32;4495;5.55;74;94.45;1260;11.2;408;88.8;3235
Single dark:
2.7;57;97.3;2054;5.62;5;94.38;84;2.57;52;97.43;1970
Easy null:
22.22;2;77.78;7;33.33;1;66.67;2;16.67;1;83.33;5
Double dark:
0.0;0;100.0;77;0;0;0;0;0.0;0;100.0;77
Razvogor
Totals:
7.04;195;92.96;2574;1.94;9;98.06;456;8.07;186;91.93;2118
Easy:
10.32;171;89.68;1486;2.0;9;98.0;441;13.42;162;86.58;1045
Single dark:
2.02;22;97.98;1069;0.0;0;100.0;10;2.04;22;97.96;1059
Easy null:
12.5;2;87.5;14;0;0;0;0;12.5;2;87.5;14
Double dark:
0.0;0;100.0;5;0.0;0;100.0;5;0;0;0;0
scharkbite
Totals:
17.85;1296;82.15;5963;18.78;166;81.22;718;17.73;1130;82.27;5245
Easy:
22.53;1035;77.47;3558;23.77;130;76.23;417;22.37;905;77.63;3141
Single dark:
10.56;227;89.44;1922;12.65;32;87.35;221;10.28;195;89.72;1701
Easy null:
12.67;28;87.33;193;7.32;3;92.68;38;13.89;25;86.11;155
Double dark:
2.03;6;97.97;290;2.33;1;97.67;42;1.98;5;98.02;248
sephiroth
Totals:
16.14;647;83.86;3362;16.83;34;83.17;168;16.1;613;83.9;3194
Easy:
19.69;516;80.31;2105;17.01;25;82.99;122;19.85;491;80.15;1983
Single dark:
9.58;122;90.42;1152;17.02;8;82.98;39;9.29;114;90.71;1113
Easy null:
12.86;9;87.14;61;33.33;1;66.67;2;11.94;8;88.06;59
Double dark:
0.0;0;100.0;44;0.0;0;100.0;5;0.0;0;100.0;39
sin_faith
Totals:
14.68;396;85.32;2302;15.32;34;84.68;188;14.62;362;85.38;2114
Easy:
17.78;349;82.22;1614;18.52;30;81.48;132;17.71;319;82.29;1482
Single dark:
6.1;34;93.9;523;7.41;2;92.59;25;6.04;32;93.96;498
Easy null:
11.4;13;88.6;101;7.69;2;92.31;24;12.5;11;87.5;77
Double dark:
0.0;0;100.0;64;0.0;0;100.0;7;0.0;0;100.0;57
sjdrodge
Totals:
25.14;1129;74.86;3362;23.84;67;76.16;214;25.23;1062;74.77;3148
Easy:
28.4;1066;71.6;2688;30.54;62;69.46;141;28.27;1004;71.73;2547
Single dark:
6.84;40;93.16;545;9.62;5;90.38;47;6.57;35;93.43;498
Easy null:
23.71;23;76.29;74;0.0;0;100.0;10;26.44;23;73.56;64
Double dark:
0.0;0;100.0;55;0.0;0;100.0;16;0.0;0;100.0;39
Sucubis
Totals:
18.83;389;81.17;1677;25.24;26;74.76;77;18.49;363;81.51;1600
Easy:
24.16;317;75.84;995;29.49;23;70.51;55;23.82;294;76.18;940
Single dark:
9.04;64;90.96;644;12.5;3;87.5;21;8.92;61;91.08;623
Easy null:
29.17;7;70.83;17;0.0;0;100.0;1;30.43;7;69.57;16
Double dark:
4.55;1;95.45;21;0;0;0;0;4.55;1;95.45;21
swineherd
Totals:
16.87;281;83.13;1385;20.0;2;80.0;8;16.85;279;83.15;1377
Easy:
21.02;230;78.98;864;50.0;1;50.0;1;20.97;229;79.03;863
Single dark:
8.05;42;91.95;480;12.5;1;87.5;7;7.98;41;92.02;473
Easy null:
18.37;9;81.63;40;0;0;0;0;18.37;9;81.63;40
Double dark:
0.0;0;100.0;1;0;0;0;0;0.0;0;100.0;1
TimeHoodie
Totals:
18.46;743;81.54;3281;20.55;45;79.45;174;18.34;698;81.66;3107
Easy:
23.71;590;76.29;1898;23.91;33;76.09;105;23.7;557;76.3;1793
Single dark:
9.77;135;90.23;1247;16.0;12;84.0;63;9.41;123;90.59;1184
Easy null:
19.57;18;80.43;74;0;0;0;0;19.57;18;80.43;74
Double dark:
0.0;0;100.0;62;0.0;0;100.0;6;0.0;0;100.0;56
Valetta6789
Totals:
18.24;1183;81.76;5304;18.0;646;82.0;2943;18.53;537;81.47;2361
Easy:
24.34;841;75.66;2614;27.4;442;72.6;1171;21.66;399;78.34;1443
Single dark:
11.82;296;88.18;2209;11.17;182;88.83;1448;13.03;114;86.97;761
Easy null:
19.78;36;80.22;146;20.63;13;79.37;50;19.33;23;80.67;96
Double dark:
2.9;10;97.1;335;3.18;9;96.82;274;1.61;1;98.39;61
Zamiel
Totals:
10.5;1381;89.5;11768;7.65;202;92.35;2440;11.22;1179;88.78;9328
Easy:
14.74;1173;85.26;6787;10.98;157;89.02;1273;15.56;1016;84.44;5514
Single dark:
4.06;166;95.94;3926;3.86;33;96.14;821;4.11;133;95.89;3105
Easy null:
8.33;36;91.67;396;5.46;10;94.54;173;10.44;26;89.56;223
Double dark:
0.9;6;99.1;659;1.14;2;98.86;173;0.82;4;99.18;486
